0.13514094882541233
0.139514340294732
0.12306027942233617
0.14108525382147896
0.15720155504014757
0.21416505177815762
0.26810301674736875
0.25957028071085614
0.226292610168457
0.328527291615804
0.6830644607543946
0.35258611043294263
0.2958761321173774
0.3060510423448351
0.3215609656439888
0.36280367109510636
0.35210900836520725
0.44997877544826925
0.4595767127143012
0.5786429511176215
0.5172308286031086
0.4407307836744521
0.9453421168857151
0.6967578993903268
0.6675118870205349
0.5939830674065484
0.7214797867668997
0.623308022816976
0.9849458270602757
1.261395083533393
1.0394811630249023
1.0593350728352864
0.7970139715406628
0.9158852365281847
0.83840635087755
1.37614197201199
0.9841926892598472
0.8412220742967393
0.9084598223368325
0.9143710136413575
1.3267670737372503
1.0031384891933866
1.0067595375908744
1.0465889506869845
1.192651589711507
1.7160142792595756
1.01573732164171
1.0520240995619037
1.353154712253147
1.3142331441243487
1.6267604298061793
1.284475591447618
1.1268324322170682
1.2622176276312937
2.106124030219184
1.26404258939955
1.5674474504258897
1.3643240928649902
1.769979265001085
1.5469593471950955
1.5220941437615287
1.911764409806993
1.5281009674072263
1.5946398841010203
1.4006336530049641
2.227343718210856
2.0368610488043895
1.6449083222283258
2.3452734947204585
1.7469755808512373
1.6254862149556477
2.7483638127644854
1.882341437869602
2.26950486501058
1.9440950287712941
1.9081285264756944
2.4801410569085016
1.6312069363064234
2.2244819005330405
2.5344316164652505
2.2704508569505473
2.4485018518235946
2.008492416805691
1.9165370199415424
2.538577715555827
2.1068636576334634
3.1711933347913943
1.9859443770514593
4.176796277364096
4.650845527648926
4.320121076371934
